0000000
COMP 111
71
1111111
COMP 111
100
1111111
COMP 222
100
2222222
COMP 111
69
2222222
COMP 222
74
2222222
COMP 555
84
3333333
COMP 111
67
3333333
COMP 222
72
3333333
COMP 444
77
3333333
COMP 666
87
5555555
COMP 111
65
5555555
COMP 222
70
5555555
COMP 444
75
5555555
COMP 555
80
5555555
COMP 666
85
6666666
COMP 111
63
6666666
COMP 222
68
6666666
COMP 444
73
7777777
COMP 111
61
7777777
COMP 222
66
7777777
COMP 444
71
7777777
COMP 555
76
8888888
COMP 111
59
8888888
COMP 222
64
8888888
COMP 444
69
9999999
COMP 111
57
9999999
COMP 222
62
9999999
COMP 444
67
9999999
COMP 555
72
9999999
COMP 666
83
